# generated by examples/reproduce_figure2.py
# figure 2a
# orientations 832039
# bins 200
# normalization fraction_per_bin
# bin_left bin_center bin_right i_c_yx_0_c_zx_0 ii_c_yx_1_c_zx_1 iii_c_yx_0_c_zx_0_8
-1 -0.995 -0.98999999999999999 0 0.0050139142684104314 0
-0.98999999999999999 -0.98499999999999999 -0.97999999999999998 0 0.0049904697025746521 0
-0.97999999999999998 -0.97499999999999998 -0.96999999999999997 0 0.0049931859117532101 0
-0.96999999999999997 -0.96499999999999997 -0.95999999999999996 0 0.0049931007521625097 0
-0.95999999999999996 -0.95499999999999996 -0.94999999999999996 0 0.0050068089850155645 0
-0.94999999999999996 -0.94499999999999995 -0.93999999999999995 0 0.0050153970504516806 0
-0.93999999999999995 -0.93499999999999994 -0.92999999999999994 0 0.0049808529786546036 0
-0.92999999999999994 -0.92500000000000004 -0.92000000000000004 0 0.0049954059158092718 0
-0.92000000000000004 -0.91500000000000004 -0.91000000000000003 0 0.005019283523278132 0
-0.91000000000000003 -0.90500000000000003 -0.90000000000000002 0 0.0049848779358759102 0
-0.90000000000000002 -0.89500000000000002 -0.89000000000000001 0 0.0050102306858294645 0
-0.89000000000000001 -0.88500000000000001 -0.88 0 0.0050029897316108537 0
-0.88 -0.875 -0.87 0 0.0049862726863659649 0
-0.87 -0.86499999999999999 -0.85999999999999999 0 0.0050192681230547109 0
-0.85999999999999999 -0.85499999999999998 -0.84999999999999998 0 0.0049841619843717464 0
-0.84999999999999998 -0.84499999999999997 -0.83999999999999997 0 0.0050044952102705096 0
-0.83999999999999997 -0.83499999999999996 -0.82999999999999996 0 0.0049954169173539531 0
-0.82999999999999996 -0.82499999999999996 -0.82000000000000006 0 0.0049976020394039795 0
-0.82000000000000006 -0.81500000000000006 -0.81000000000000005 0 0.0050035239856313319 0
-0.81000000000000005 -0.80500000000000005 -0.80000000000000004 0 0.0050123081018233649 0
-0.80000000000000004 -0.79500000000000004 -0.79000000000000004 0 0.0049843783698904822 0
-0.79000000000000004 -0.78500000000000003 -0.78000000000000003 0 0.0050367087083502708 0
-0.78000000000000003 -0.77500000000000002 -0.77000000000000002 0 0.0049747855995235808 0
-0.77000000000000002 -0.76500000000000001 -0.76000000000000001 0 0.005013286069340212 0
-0.76000000000000001 -0.755 -0.75 0 0.0049937733001149771 0
-0.75 -0.745 -0.73999999999999999 0 0.0049892112974826847 0
-0.73999999999999999 -0.73499999999999999 -0.72999999999999998 0 0.0049862888745023535 0.0063494321413603482
-0.72999999999999998 -0.72499999999999998 -0.71999999999999997 0 0.0049995633642025434 0.00676016375469588
-0.71999999999999997 -0.71499999999999997 -0.70999999999999996 0 0.0050215967901359286 0.0067527495753632975
-0.70999999999999996 -0.70499999999999996 -0.69999999999999996 0 0.0050154215998712646 0.0067717062583527764
-0.69999999999999996 -0.69499999999999995 -0.68999999999999995 0 0.0049766965121273701 0.0067477651646704129
-0.68999999999999995 -0.68499999999999994 -0.67999999999999994 0 0.0049663048944453862 0.0067876726546823333
-0.67999999999999994 -0.67499999999999993 -0.66999999999999993 0 0.0050314185735845221 0.0067339401826439372
-0.66999999999999993 -0.66499999999999992 -0.65999999999999992 0 0.0050123330030974883 0.0067835310837803036
-0.65999999999999992 -0.65499999999999992 -0.64999999999999991 0 0.0049602857872762052 0.0067735378835685192
-0.64999999999999991 -0.64500000000000002 -0.64000000000000001 0 0.0050178436425478094 0.0067338395408632814
-0.64000000000000001 -0.63500000000000001 -0.63 0 0.0050176015199729744 0.0067613478775276096
-0.63 -0.625 -0.62 0 0.0049869532717413626 0.0067654796107637508
-0.62 -0.61499999999999999 -0.60999999999999999 0 0.0049990005172693246 0.0067952499913790819
-0.60999999999999999 -0.60499999999999998 -0.59999999999999998 0 0.0049740250369257168 0.0067250741858990203
-0.59999999999999998 -0.59499999999999997 -0.58999999999999997 0 0.0050248008362626618 0.0067639803219758619
-0.58999999999999997 -0.58499999999999996 -0.58000000000000007 0 0.0050072663522177817 0.0067585871790173642
-0.58000000000000007 -0.57500000000000007 -0.57000000000000006 0.0063663672083811322 0.0049918038309118944 0.006789984019873024
-0.57000000000000006 -0.56500000000000006 -0.56000000000000005 0.0086656118459066036 0.0050094612864675144 0.0067534936686366454
-0.56000000000000005 -0.55500000000000005 -0.55000000000000004 0.0086518669763698437 0.0049897008987935454 0.0067576391203598169
-0.55000000000000004 -0.54500000000000004 -0.54000000000000004 0.0086302329951276555 0.00501551889830513 0.0067697661371949949
-0.54000000000000004 -0.53500000000000003 -0.53000000000000003 0.0086913479334216198 0.0049996352216300404 0.0067710231784837123
-0.53000000000000003 -0.52500000000000002 -0.52000000000000002 0.008656210217092326 0.0049682826767916523 0.0067470944139479475
-0.52000000000000002 -0.51500000000000001 -0.51000000000000001 0.0086712092140011823 0.0050458833158812744 0.0067338142565593539
-0.51000000000000001 -0.505 -0.5 0.0086416723711831393 0.004982958188056383 0.006788339014264305
-0.5 -0.495 -0.48999999999999999 0.0086788417459635978 0.0049646213250934164 0.0067682716033491408
-0.48999999999999999 -0.48499999999999999 -0.47999999999999998 0.0086715434958461231 0.0050531409558270618 0.0067259453252673396
-0.47999999999999998 -0.47499999999999998 -0.46999999999999997 0.0086401991666026669 0.0049793047187324368 0.0067659839620624815
-0.46999999999999997 -0.46499999999999997 -0.45999999999999996 0.0086457144876744257 0.0049933072257406629 0.006790785309076678
-0.45999999999999996 -0.45499999999999996 -0.44999999999999996 0.0087061684852496081 0.0049771512696412338 0.0068011960310568028
-0.44999999999999996 -0.44499999999999995 -0.43999999999999995 0.0086329152670647814 0.0050262397615370305 0.0067494047817799833
-0.43999999999999995 -0.43499999999999994 -0.42999999999999994 0.0086396883890929466 0.0050301616877730798 0.0067442216420169716
-0.42999999999999994 -0.42499999999999999 -0.42000000000000004 0.0086685397370919841 0.0049837362793628626 0.0067613469920488395
-0.42000000000000004 -0.41500000000000004 -0.41000000000000003 0.0086467175470599199 0.0049843582854409221 0.0067715897827456979
-0.41000000000000003 -0.40500000000000003 -0.40000000000000002 0.0086693499461843442 0.0049878036879294381 0.0067472478280237395
-0.40000000000000002 -0.39500000000000002 -0.39000000000000001 0.0086703032041467627 0.0050076428691577897 0.0068007353368552065
-0.39000000000000001 -0.38500000000000001 -0.38 0.0086860413978358929 0.0050383384091257279 0.0066872878262796706
-0.38 -0.375 -0.37 0.0086284970153978208 0.0049654409867775006 0.0067923965109878085
-0.37 -0.36499999999999999 -0.35999999999999999 0.0086582023991031865 0.0050233719508420973 0.0067389677609289893
-0.35999999999999999 -0.35499999999999998 -0.34999999999999998 0.0086730349322642411 0.0049914384111313555 0.0068324271786737714
-0.34999999999999998 -0.34499999999999997 -0.33999999999999997 0.0086591738712501875 0.0050123113155377229 0.0067102148662628019
-0.33999999999999997 -0.33499999999999996 -0.32999999999999996 0.0086107616450989879 0.0049681029146060917 0.0067902111746663309
-0.32999999999999996 -0.32499999999999996 -0.31999999999999995 0.0086869128364941324 0.0049957233283248756 0.0067303040749066385
-0.31999999999999995 -0.31499999999999995 -0.30999999999999994 0.008678562833251276 0.0049853771006555655 0.0067717467759195573
-0.30999999999999994 -0.30499999999999994 -0.29999999999999993 0.0086925308048336689 0.0050409458081855079 0.0067741539351792428
-0.29999999999999993 -0.29499999999999998 -0.29000000000000004 0.0086497702156635835 0.0049966063107484016 0.0067377526265042275
-0.29000000000000004 -0.28500000000000003 -0.28000000000000003 0.0086643271689490868 0.0049863101965377165 0.0067544161663899236
-0.28000000000000003 -0.27500000000000002 -0.27000000000000002 0.0086216458958736555 0.0050422437727837615 0.0067545642409184495
-0.27000000000000002 -0.26500000000000001 -0.26000000000000001 0.0086804038462549044 0.0049739361441669405 0.0067855482077934549
-0.26000000000000001 -0.255 -0.25 0.0086686943797103424 0.0049963341164589344 0.0067538185265996978
-0.25 -0.245 -0.23999999999999999 0.0086680776133854429 0.0050081417918234894 0.0068003016985272403
-0.23999999999999999 -0.23499999999999999 -0.22999999999999998 0.0086405528092269243 0.0049901769415651954 0.0067461607510613739
-0.22999999999999998 -0.22499999999999998 -0.21999999999999997 0.0086831665201514523 0.0049859718093678692 0.0067837589480202656
-0.21999999999999997 -0.21499999999999997 -0.20999999999999996 0.0086154624064729863 0.0050043907420903163 0.0067674167403933613
-0.20999999999999996 -0.20499999999999996 -0.19999999999999996 0.0086820865717085263 0.0050343694620445288 0.0067241978880217745
-0.19999999999999996 -0.19499999999999995 -0.18999999999999995 0.0086733717315537681 0.004988034127728593 0.0067814075603725762
-0.18999999999999995 -0.18499999999999994 -0.17999999999999994 0.0086834690709530916 0.0049894929486173885 0.0067465402705114627
-0.17999999999999994 -0.17499999999999993 -0.16999999999999993 0.0086147252863836791 0.0049851510948320859 0.0067831172369798021
-0.16999999999999993 -0.16499999999999998 -0.16000000000000003 0.0086652049825401978 0.005012912547114415 0.0067511703513157576
-0.16000000000000003 -0.15500000000000003 -0.15000000000000002 0.0086621074719992145 0.004981426264166958 0.0067625806487782254
-0.15000000000000002 -0.14500000000000002 -0.14000000000000001 0.0086744856238970894 0.0050205406886490922 0.0067813181423571883
-0.14000000000000001 -0.13500000000000001 -0.13 0.008668149164809855 0.005020181389632011 0.0067635009889771003
-0.13 -0.125 -0.12 0.0086415489020612302 0.0050023009555818032 0.0067426541947029524
-0.12 -0.11499999999999999 -0.10999999999999999 0.0086524629446652363 0.0049821806360048895 0.0067609882129812254
-0.10999999999999999 -0.10499999999999998 -0.099999999999999978 0.0086790004150035325 0.0049903134401273379 0.0067565074445362985
-0.099999999999999978 -0.094999999999999973 -0.089999999999999969 0.0086444085451683958 0.0050114570591628868 0.0067766375161744646
-0.089999999999999969 -0.084999999999999964 -0.07999999999999996 0.0086537527482093909 0.0049925800958925898 0.0067832854912370467
-0.07999999999999996 -0.074999999999999956 -0.069999999999999951 0.0086701192996716508 0.0049842724022026354 0.0067445621007166589
-0.069999999999999951 -0.064999999999999947 -0.059999999999999942 0.008675900502477683 0.0050166835040361618 0.0067294807495571762
-0.059999999999999942 -0.054999999999999938 -0.049999999999999933 0.0086514657625955498 0.0050115449513032607 0.0067774626178016507
-0.049999999999999933 -0.044999999999999984 -0.040000000000000036 0.0086381067889115589 0.0049587545120703975 0.0067676795746573655
-0.040000000000000036 -0.035000000000000031 -0.030000000000000027 0.0086736486109917944 0.0050149852324392211 0.0067796287103998902
-0.030000000000000027 -0.025000000000000022 -0.020000000000000018 0.0086582967643470069 0.0050103280080042107 0.0067554101497877151
-0.020000000000000018 -0.015000000000000013 -0.010000000000000009 0.0086840252720414672 0.0049893631558909973 0.0067501926509711038
-0.010000000000000009 -0.0050000000000000044 0 0.0086432715403275875 0.0049939439717596222 0.0067682309664852209
0 0.0050000000000000044 0.010000000000000009 0.0086664230806500608 0.0050117260758873391 0.0067656375772472211
0.010000000000000009 0.015000000000000013 0.020000000000000018 0.0086402237132597974 0.0049909209985506799 0.0067572372758797055
0.020000000000000018 0.025000000000000022 0.030000000000000027 0.00868339184590965 0.0050010912797329461 0.0067565107584106688
0.030000000000000027 0.035000000000000031 0.040000000000000036 0.0086476465094055977 0.0050100969852669005 0.0067688015558412312
0.040000000000000036 0.04500000000000004 0.050000000000000044 0.0086618219423139648 0.0049839449388671096 0.0067513331951372683
0.050000000000000044 0.055000000000000049 0.060000000000000053 0.0086873802855424453 0.004982685069252416 0.0067596233704889479
0.060000000000000053 0.065000000000000058 0.070000000000000062 0.008655969868078808 0.0049978036306941665 0.0067843896799791737
0.070000000000000062 0.075000000000000067 0.080000000000000071 0.0086271551967210831 0.0050071440556648137 0.0067555828798855876
0.080000000000000071 0.085000000000000075 0.09000000000000008 0.0086499732113715592 0.0049939128547043504 0.0067411368845239177
0.09000000000000008 0.095000000000000084 0.10000000000000009 0.0086650998276918967 0.0049958150935811218 0.0067673037176028605
0.10000000000000009 0.10500000000000009 0.1100000000000001 0.0086775583108350002 0.0050212546368547722 0.0067624378895704707
0.1100000000000001 0.1150000000000001 0.12000000000000011 0.0086519396333605645 0.0050169762520744614 0.0067887663145590428
0.12000000000000011 0.12500000000000011 0.13000000000000012 0.0086920482148588798 0.0049895872886161459 0.0067479099572577738
0.13000000000000012 0.13500000000000012 0.14000000000000012 0.0086352678705250742 0.0049947915327807702 0.0067871449184507835
0.14000000000000012 0.14500000000000013 0.15000000000000013 0.0086679405473008495 0.0050344782326304507 0.0067276678396328742
0.15000000000000013 0.15500000000000003 0.15999999999999992 0.0086750601412875616 0.0049509158362394468 0.00675900679736109
0.15999999999999992 0.16499999999999992 0.16999999999999993 0.0086602122119266243 0.0049855542235545895 0.0067950987404705957
0.16999999999999993 0.17499999999999993 0.17999999999999994 0.0086513585786121856 0.0050309150222193821 0.0067740589990598274
0.17999999999999994 0.18499999999999994 0.18999999999999995 0.0086514617027782428 0.0049895144962197871 0.0067193855945326822
0.18999999999999995 0.19499999999999995 0.19999999999999996 0.0086629601686813006 0.0050198032940039763 0.0067579928415833178
0.19999999999999996 0.20499999999999996 0.20999999999999996 0.0086415312828598493 0.0049956904634335152 0.0067832701544808163
0.20999999999999996 0.21499999999999997 0.21999999999999997 0.0086682444631347635 0.0050179306047329003 0.0067707602658652871
0.21999999999999997 0.22499999999999998 0.22999999999999998 0.0086442589723272831 0.0049549854768811017 0.0067695347144517588
0.22999999999999998 0.23499999999999999 0.23999999999999999 0.0086926563305878002 0.0050413955695194296 0.0067842183869794483
0.23999999999999999 0.245 0.25 0.008674835225198128 0.0050262309355377146 0.0067374228712775153
0.25 0.255 0.26000000000000001 0.0086455843601612285 0.0049629991496492427 0.0067617330758403451
0.26000000000000001 0.26500000000000001 0.27000000000000002 0.0086108411562936717 0.0050381082447191862 0.0067384485930430922
0.27000000000000002 0.27500000000000002 0.28000000000000003 0.0086995559843099056 0.004998270910216345 0.0067923401701951462
0.28000000000000003 0.28500000000000003 0.29000000000000004 0.0086745233270650608 0.0049710997252599082 0.0067350737032698411
0.29000000000000004 0.29500000000000004 0.30000000000000004 0.00865271371282424 0.0050356677573203442 0.0067606359785548128
0.30000000000000004 0.30500000000000005 0.31000000000000005 0.0086515064013673454 0.0049688048703980464 0.0068199915812525592
0.31000000000000005 0.31500000000000006 0.32000000000000006 0.0086306690710506867 0.0049749636999065778 0.0067251291471993914
0.32000000000000006 0.32500000000000007 0.33000000000000007 0.0086759169228226417 0.0050395159712378007 0.0067552043700797454
0.33000000000000007 0.33500000000000008 0.34000000000000008 0.0086627533484022936 0.004957316998719625 0.0067652478118554243
0.34000000000000008 0.34500000000000008 0.35000000000000009 0.0086653363622219877 0.0050006452031668685 0.0067702300183502496
0.35000000000000009 0.35500000000000009 0.3600000000000001 0.008638147602485699 0.0050385276352067189 0.0067690040532583434
0.3600000000000001 0.3650000000000001 0.37000000000000011 0.0087058331927946687 0.0049461795492896444 0.0067564634929956364
0.37000000000000011 0.37500000000000011 0.38000000000000012 0.0086320937936104902 0.0050605894115983629 0.0067347712278412949
0.38000000000000012 0.38500000000000012 0.39000000000000012 0.0086556106861573334 0.0049767608173739613 0.0067992770741669923
0.39000000000000012 0.39500000000000013 0.40000000000000013 0.0086803827085739239 0.0049903633608893525 0.006745250234250412
0.40000000000000013 0.40500000000000003 0.40999999999999992 0.0086615524692931767 0.0050285265775842324 0.0067355859011763294
0.40999999999999992 0.41499999999999992 0.41999999999999993 0.008635423703652988 0.0049688869834859208 0.0067799372663292223
0.41999999999999993 0.42499999999999993 0.42999999999999994 0.0086610224668107281 0.0050238220590926724 0.00675073932058018
0.42999999999999994 0.43499999999999994 0.43999999999999995 0.008644676515097512 0.0050056496861937139 0.0067886257194995662
0.43999999999999995 0.44499999999999995 0.44999999999999996 0.0087477832537902183 0.0049904132429504705 0.0067710328287214567
0.44999999999999996 0.45499999999999996 0.45999999999999996 0.0086097266416478024 0.0049776363318881668 0.0067123729456218893
0.45999999999999996 0.46499999999999997 0.46999999999999997 0.0086818454160824243 0.0049956739166405533 0.0067957916236569653
0.46999999999999997 0.47499999999999998 0.47999999999999998 0.0086533373126780836 0.005049382275980163 0.0067689782865469773
0.47999999999999998 0.48499999999999999 0.48999999999999999 0.0086425817822995878 0.004952449559775151 0.0067395214176091808
0.48999999999999999 0.495 0.5 0.0086375796790891714 0.0049870235406564191 0.0067520431669235072
0.5 0.505 0.51000000000000001 0.0087000413900519408 0.0050268087710285143 0.0067883850696328846
0.51000000000000001 0.51500000000000001 0.52000000000000002 0.0086409859046046034 0.0050091962494060943 0.0067424392157684407
0.52000000000000002 0.52500000000000002 0.53000000000000003 0.008691769343429738 0.0049925252800269741 0.0067765936765596686
0.53000000000000003 0.53500000000000003 0.54000000000000004 0.0086287014682743975 0.0049925804185513272 0.0067915738198783705
0.54000000000000004 0.54500000000000004 0.55000000000000004 0.0086594400213057029 0.0050244775089522782 0.0067455835655291186
0.55000000000000004 0.55500000000000005 0.56000000000000005 0.0086446565687138509 0.0049763181354284449 0.0067324594032158449
0.56000000000000005 0.56500000000000006 0.57000000000000006 0.0086768400944504248 0.005017592241980777 0.006793941043750148
0.57000000000000006 0.57500000000000007 0.58000000000000007 0.0063682213783714352 0.0049920313419647552 0.0067528859378113669
0.58000000000000007 0.58500000000000008 0.59000000000000008 0 0.0049985693783091987 0.0067602123784150552
0.59000000000000008 0.59500000000000008 0.60000000000000009 0 0.0049902247347884095 0.0067943057445232612
0.60000000000000009 0.60500000000000009 0.6100000000000001 0 0.0050065746049336992 0.0067478553726230614
0.6100000000000001 0.6150000000000001 0.62000000000000011 0 0.0050005495007296704 0.00678235219867049
0.62000000000000011 0.62500000000000011 0.63000000000000012 0 0.0050308101662271815 0.0067193775977590778
0.63000000000000012 0.63500000000000012 0.64000000000000012 0 0.0049769506260030046 0.0067554846776716922
0.64000000000000012 0.64500000000000013 0.65000000000000013 0 0.0049895621242117966 0.006785682527904781
0.65000000000000013 0.65500000000000014 0.66000000000000014 0 0.004997963832622577 0.0067807208235372571
0.66000000000000014 0.66500000000000004 0.66999999999999993 0 0.0049972495080495361 0.0067508375864607437
0.66999999999999993 0.67499999999999993 0.67999999999999994 0 0.0050142821886324032 0.0067504482460637137
0.67999999999999994 0.68499999999999994 0.68999999999999995 0 0.0050110013579324764 0.006767178094138163
0.68999999999999995 0.69499999999999995 0.69999999999999996 0 0.0049867288962898767 0.0067776817837249788
0.69999999999999996 0.70499999999999996 0.70999999999999996 0 0.0049811289091826498 0.0067557873264525899
0.70999999999999996 0.71499999999999997 0.71999999999999997 0 0.0049994248183070911 0.0067600671798954595
0.71999999999999997 0.72499999999999998 0.72999999999999998 0 0.0050050559006098207 0.0067674077387188695
0.72999999999999998 0.73499999999999999 0.73999999999999999 0 0.0049925734160124755 0.0063251355144644788
0.73999999999999999 0.745 0.75 0 0.0050173140678210154 0
0.75 0.755 0.76000000000000001 0 0.0049980302513233498 0
0.76000000000000001 0.76500000000000001 0.77000000000000002 0 0.0049914011284723928 0
0.77000000000000002 0.77500000000000002 0.78000000000000003 0 0.0050082168952348752 0
0.78000000000000003 0.78500000000000003 0.79000000000000004 0 0.0049995455852073819 0
0.79000000000000004 0.79500000000000004 0.80000000000000004 0 0.0049999668567029575 0
0.80000000000000004 0.80500000000000005 0.81000000000000005 0 0.0050109605123216938 0
0.81000000000000005 0.81500000000000006 0.82000000000000006 0 0.0049744342537596129 0
0.82000000000000006 0.82500000000000007 0.83000000000000007 0 0.0050283711641747175 0
0.83000000000000007 0.83500000000000008 0.84000000000000008 0 0.0049839304374720344 0
0.84000000000000008 0.84500000000000008 0.85000000000000009 0 0.0049941778304849315 0
0.85000000000000009 0.85500000000000009 0.8600000000000001 0 0.0049963015586331578 0
0.8600000000000001 0.8650000000000001 0.87000000000000011 0 0.0050083102039244548 0
0.87000000000000011 0.87500000000000011 0.88000000000000012 0 0.0050174404082721493 0
0.88000000000000012 0.88500000000000012 0.89000000000000012 0 0.0049979469000024108 0
0.89000000000000012 0.89500000000000013 0.90000000000000013 0 0.0050094007617604835 0
0.90000000000000013 0.90500000000000014 0.91000000000000014 0 0.0049985100118024196 0
0.91000000000000014 0.91500000000000004 0.91999999999999993 0 0.0049810945597423047 0
0.91999999999999993 0.92499999999999993 0.92999999999999994 0 0.0050127539238349512 0
0.92999999999999994 0.93499999999999994 0.93999999999999995 0 0.0049870277016306214 0
0.93999999999999995 0.94499999999999995 0.94999999999999996 0 0.0050028251082727361 0
0.94999999999999996 0.95499999999999996 0.95999999999999996 0 0.0049968266312526519 0
0.95999999999999996 0.96499999999999997 0.96999999999999997 0 0.0050118110670879781 0
0.96999999999999997 0.97499999999999998 0.97999999999999998 0 0.0049983315166374854 0
0.97999999999999998 0.98499999999999999 0.98999999999999999 0 0.0050006250523684523 0
0.98999999999999999 0.995 1 0 0.0049940220832735902 0
