# generated by examples/reproduce_figure2.py
# figure 2b
# observable f_zy^2
# c_yx 1
# c_zx 1
# orientations 832039
# bins 200
# normalization fraction_per_bin
# bin_left bin_center bin_right fraction
0 0.0025000000000000001 0.0050000000000000001 0.070691424850702594
0.0050000000000000001 0.0074999999999999997 0.01 0.029267629024261187
0.01 0.012500000000000001 0.014999999999999999 0.022543771092085232
0.014999999999999999 0.017500000000000002 0.02 0.018970322156123657
0.02 0.022499999999999999 0.025000000000000001 0.016657885802591092
0.025000000000000001 0.0275 0.029999999999999999 0.015103686356808341
0.029999999999999999 0.032500000000000001 0.035000000000000003 0.013870302731283167
0.035000000000000003 0.037500000000000006 0.040000000000000001 0.012860356768756855
0.040000000000000001 0.042499999999999996 0.044999999999999998 0.012180366454045284
0.044999999999999998 0.047500000000000001 0.050000000000000003 0.01147904412424065
0.050000000000000003 0.052500000000000005 0.055 0.010854688090710564
0.055 0.057499999999999996 0.059999999999999998 0.010448610127527702
0.059999999999999998 0.0625 0.065000000000000002 0.010016043677791223
0.065000000000000002 0.067500000000000004 0.070000000000000007 0.0096026989910096769
0.070000000000000007 0.072500000000000009 0.074999999999999997 0.0092613725836789111
0.074999999999999997 0.077499999999999999 0.080000000000000002 0.0090144940108488336
0.080000000000000002 0.082500000000000004 0.085000000000000006 0.008757438032687033
0.085000000000000006 0.087499999999999994 0.089999999999999997 0.0084461040323169541
0.089999999999999997 0.092499999999999999 0.095000000000000001 0.0081571062205339183
0.095000000000000001 0.097500000000000003 0.10000000000000001 0.0080196196860910524
0.10000000000000001 0.10250000000000001 0.105 0.0078544408438114797
0.105 0.1075 0.11 0.0075662043780507235
0.11 0.1125 0.115 0.0075015029335166348
0.115 0.11749999999999999 0.12 0.0072629956943813644
0.12 0.1225 0.125 0.0071723398963524383
0.125 0.1275 0.13 0.0069675376627595714
0.13 0.13250000000000001 0.13500000000000001 0.0069283535896326118
0.13500000000000001 0.13750000000000001 0.14000000000000001 0.0066754607602210999
0.14000000000000001 0.14250000000000002 0.14499999999999999 0.0066557179821253509
0.14499999999999999 0.14749999999999999 0.14999999999999999 0.0065076807783705608
0.14999999999999999 0.1525 0.155 0.0064247488303055154
0.155 0.1575 0.16 0.0062886513559788819
0.16 0.16250000000000001 0.16500000000000001 0.0061415565596635658
0.16500000000000001 0.16750000000000001 0.17000000000000001 0.0061679434683307817
0.17000000000000001 0.17250000000000001 0.17500000000000002 0.0060534083391948082
0.17500000000000002 0.17749999999999999 0.17999999999999999 0.0058915135218714654
0.17999999999999999 0.1825 0.185 0.0058707649743116944
0.185 0.1875 0.19 0.0057760316770700953
0.19 0.1925 0.19500000000000001 0.005677858450205896
0.19500000000000001 0.19750000000000001 0.20000000000000001 0.0056147274119581966
0.20000000000000001 0.20250000000000001 0.20500000000000002 0.0055817163615428499
0.20500000000000002 0.20750000000000002 0.20999999999999999 0.0055012200296658759
0.20999999999999999 0.21249999999999999 0.215 0.0054130633203946718
0.215 0.2175 0.22 0.0053420529622578896
0.22 0.2225 0.22500000000000001 0.0052869328987925823
0.22500000000000001 0.22750000000000001 0.23000000000000001 0.0052341003698484732
0.23000000000000001 0.23250000000000001 0.23500000000000001 0.0052225233510016615
0.23500000000000001 0.23749999999999999 0.23999999999999999 0.0051373672062380001
0.23999999999999999 0.24249999999999999 0.245 0.0050552589991005419
0.245 0.2475 0.25 0.0049912494698765575
0.25 0.2525 0.255 0.0049710122631754913
0.255 0.25750000000000001 0.26000000000000001 0.0049392892507882872
0.26000000000000001 0.26250000000000001 0.26500000000000001 0.0048884078863372189
0.26500000000000001 0.26750000000000002 0.27000000000000002 0.0048438746081520033
0.27000000000000002 0.27250000000000002 0.27500000000000002 0.0047791089346907231
0.27500000000000002 0.27750000000000002 0.28000000000000003 0.0047704197954978791
0.28000000000000003 0.28250000000000003 0.28500000000000003 0.0047133644072698136
0.28500000000000003 0.28749999999999998 0.28999999999999998 0.0046328234907265812
0.28999999999999998 0.29249999999999998 0.29499999999999998 0.004593225547793873
0.29499999999999998 0.29749999999999999 0.29999999999999999 0.0046066357023245835
0.29999999999999999 0.30249999999999999 0.30499999999999999 0.0045460575052236598
0.30499999999999999 0.3075 0.31 0.0045190460465418412
0.31 0.3125 0.315 0.0044875190590563888
0.315 0.3175 0.32000000000000001 0.004424236485051569
0.32000000000000001 0.32250000000000001 0.32500000000000001 0.0044241888273757303
0.32500000000000001 0.32750000000000001 0.33000000000000002 0.0043697492232449486
0.33000000000000002 0.33250000000000002 0.33500000000000002 0.0043014256729252314
0.33500000000000002 0.33750000000000002 0.34000000000000002 0.0043684619307025087
0.34000000000000002 0.34250000000000003 0.34500000000000003 0.0042519534851746419
0.34500000000000003 0.34750000000000003 0.35000000000000003 0.0042174106766204875
0.35000000000000003 0.35250000000000004 0.35499999999999998 0.0042276626134206147
0.35499999999999998 0.35749999999999998 0.35999999999999999 0.0041797621536605756
0.35999999999999999 0.36249999999999999 0.36499999999999999 0.0041123769080283366
0.36499999999999999 0.36749999999999999 0.37 0.0041403478611812582
0.37 0.3725 0.375 0.0041122778908946828
0.375 0.3775 0.38 0.0040278574878966199
0.38 0.38250000000000001 0.38500000000000001 0.004057074277834887
0.38500000000000001 0.38750000000000001 0.39000000000000001 0.0040181232202124804
0.39000000000000001 0.39250000000000002 0.39500000000000002 0.0039806264393581429
0.39500000000000002 0.39750000000000002 0.40000000000000002 0.0039744035583988216
0.40000000000000002 0.40250000000000002 0.40500000000000003 0.0039504685780307998
0.40500000000000003 0.40750000000000003 0.41000000000000003 0.0038684741537696565
0.41000000000000003 0.41250000000000003 0.41500000000000004 0.0039074703897846183
0.41500000000000004 0.41749999999999998 0.41999999999999998 0.0038739423057609127
0.41999999999999998 0.42249999999999999 0.42499999999999999 0.0038764153447437893
0.42499999999999999 0.42749999999999999 0.42999999999999999 0.0038155589774362415
0.42999999999999999 0.4325 0.435 0.0037804186044613419
0.435 0.4375 0.44 0.0037906461260347403
0.44 0.4425 0.44500000000000001 0.0037737540649494935
0.44500000000000001 0.44750000000000001 0.45000000000000001 0.0037196128083364674
0.45000000000000001 0.45250000000000001 0.45500000000000002 0.0037119662718011663
0.45500000000000002 0.45750000000000002 0.46000000000000002 0.0036893443687957251
0.46000000000000002 0.46250000000000002 0.46500000000000002 0.0037075155421241678
0.46500000000000002 0.46750000000000003 0.47000000000000003 0.0036405158360071706
0.47000000000000003 0.47250000000000003 0.47500000000000003 0.0036326962321649972
0.47500000000000003 0.47750000000000004 0.47999999999999998 0.0036201455632307398
0.47999999999999998 0.48249999999999998 0.48499999999999999 0.0036004322408722199
0.48499999999999999 0.48749999999999999 0.48999999999999999 0.0035716705125109069
0.48999999999999999 0.49249999999999999 0.495 0.0035718615486233702
0.495 0.4975 0.5 0.0035449335012779203
0.5 0.50249999999999995 0.505 0.0035475793862167876
0.505 0.50750000000000006 0.51000000000000001 0.0034744433228217327
0.51000000000000001 0.51249999999999996 0.51500000000000001 0.0035122463982031624
0.51500000000000001 0.51750000000000007 0.52000000000000002 0.0034902380754011394
0.52000000000000002 0.52249999999999996 0.52500000000000002 0.0034419576831117788
0.52500000000000002 0.52750000000000008 0.53000000000000003 0.0034469647591839655
0.53000000000000003 0.53249999999999997 0.53500000000000003 0.0034263586257457356
0.53500000000000003 0.53750000000000009 0.54000000000000004 0.0034133359098530692
0.54000000000000004 0.54249999999999998 0.54500000000000004 0.0033820040449846172
0.54500000000000004 0.5475000000000001 0.55000000000000004 0.003375972235942026
0.55000000000000004 0.55249999999999999 0.55500000000000005 0.0033749494865489187
0.55500000000000005 0.55750000000000011 0.56000000000000005 0.003350787461473994
0.56000000000000005 0.5625 0.56500000000000006 0.0033543254576869873
0.56500000000000006 0.56750000000000012 0.57000000000000006 0.0032956407798551183
0.57000000000000006 0.57250000000000001 0.57500000000000007 0.0032885010731673156
0.57500000000000007 0.57750000000000001 0.57999999999999996 0.003318085310754866
0.57999999999999996 0.58250000000000002 0.58499999999999996 0.0032695105231168361
0.58499999999999996 0.58749999999999991 0.58999999999999997 0.0032606085714321962
0.58999999999999997 0.59250000000000003 0.59499999999999997 0.0032543936456564458
0.59499999999999997 0.59749999999999992 0.59999999999999998 0.003218549149201176
0.59999999999999998 0.60250000000000004 0.60499999999999998 0.0032334841650396725
0.60499999999999998 0.60749999999999993 0.60999999999999999 0.0032323137317260327
0.60999999999999999 0.61250000000000004 0.61499999999999999 0.0031507217925412501
0.61499999999999999 0.61749999999999994 0.62 0.0031999674645983227
0.62 0.62250000000000005 0.625 0.0031641433043264489
0.625 0.62749999999999995 0.63 0.0031611792361198759
0.63 0.63250000000000006 0.63500000000000001 0.0031306290301731832
0.63500000000000001 0.63749999999999996 0.64000000000000001 0.0031219861275043627
0.64000000000000001 0.64250000000000007 0.64500000000000002 0.0031334803711379903
0.64500000000000002 0.64749999999999996 0.65000000000000002 0.0031008016485534625
0.65000000000000002 0.65250000000000008 0.65500000000000003 0.0030751087679422046
0.65500000000000003 0.65749999999999997 0.66000000000000003 0.0030908192688162352
0.66000000000000003 0.66250000000000009 0.66500000000000004 0.0031111736357311817
0.66500000000000004 0.66749999999999998 0.67000000000000004 0.00304322817257075
0.67000000000000004 0.6725000000000001 0.67500000000000004 0.0030529437980451849
0.67500000000000004 0.67749999999999999 0.68000000000000005 0.00302460609082905
0.68000000000000005 0.68250000000000011 0.68500000000000005 0.0030393627173503491
0.68500000000000005 0.6875 0.69000000000000006 0.0030276283489853819
0.69000000000000006 0.69250000000000012 0.69500000000000006 0.0029932346478610335
0.69500000000000006 0.69750000000000001 0.70000000000000007 0.0029766169247704018
0.70000000000000007 0.70250000000000001 0.70499999999999996 0.0029740226413088409
0.70499999999999996 0.70750000000000002 0.70999999999999996 0.0029917600790633774
0.70999999999999996 0.71249999999999991 0.71499999999999997 0.002955628746393487
0.71499999999999997 0.71750000000000003 0.71999999999999997 0.0029438048584453451
0.71999999999999997 0.72249999999999992 0.72499999999999998 0.0029695340311306361
0.72499999999999998 0.72750000000000004 0.72999999999999998 0.0029158064672548836
0.72999999999999998 0.73249999999999993 0.73499999999999999 0.0029038514813885209
0.73499999999999999 0.73750000000000004 0.73999999999999999 0.0029013967580210835
0.73999999999999999 0.74249999999999994 0.745 0.0029209640361997882
0.745 0.74750000000000005 0.75 0.0028997765680778341
0.75 0.75249999999999995 0.755 0.0028842454202404519
0.755 0.75750000000000006 0.76000000000000001 0.0028593693674515809
0.76000000000000001 0.76249999999999996 0.76500000000000001 0.0028419865922982325
0.76500000000000001 0.76750000000000007 0.77000000000000002 0.0028696128988557053
0.77000000000000002 0.77249999999999996 0.77500000000000002 0.0028604427452865238
0.77500000000000002 0.77750000000000008 0.78000000000000003 0.002816853196477084
0.78000000000000003 0.78249999999999997 0.78500000000000003 0.0028299472522993431
0.78500000000000003 0.78750000000000009 0.79000000000000004 0.0028350144378320782
0.79000000000000004 0.79249999999999998 0.79500000000000004 0.0028236388643296281
0.79500000000000004 0.7975000000000001 0.80000000000000004 0.0027675639359898063
0.80000000000000004 0.80249999999999999 0.80500000000000005 0.0028175085960588956
0.80500000000000005 0.80750000000000011 0.81000000000000005 0.0027858101295251832
0.81000000000000005 0.8125 0.81500000000000006 0.0027720292307483714
0.81500000000000006 0.81750000000000012 0.82000000000000006 0.0027283964180121636
0.82000000000000006 0.82250000000000001 0.82500000000000007 0.0027884495949585717
0.82500000000000007 0.82750000000000012 0.83000000000000007 0.0027168263448181661
0.83000000000000007 0.83250000000000002 0.83499999999999996 0.0027797278608755636
0.83499999999999996 0.83749999999999991 0.83999999999999997 0.0027147157770355365
0.83999999999999997 0.84250000000000003 0.84499999999999997 0.0026982574921130581
0.84499999999999997 0.84749999999999992 0.84999999999999998 0.0027259178177568657
0.84999999999999998 0.85250000000000004 0.85499999999999998 0.0026943507811489483
0.85499999999999998 0.85749999999999993 0.85999999999999999 0.0027231233638502464
0.85999999999999999 0.86250000000000004 0.86499999999999999 0.0027037426177117419
0.86499999999999999 0.86749999999999994 0.87 0.002677932014727785
0.87 0.87250000000000005 0.875 0.0026790624384525146
0.875 0.87749999999999995 0.88 0.0026509120970606569
0.88 0.88250000000000006 0.88500000000000001 0.002680785918411453
0.88500000000000001 0.88749999999999996 0.89000000000000001 0.002651272921559845
0.89000000000000001 0.89250000000000007 0.89500000000000002 0.0026235048564625268
0.89500000000000002 0.89749999999999996 0.90000000000000002 0.0026549413631771924
0.90000000000000002 0.90250000000000008 0.90500000000000003 0.0026259213078857527
0.90500000000000003 0.90749999999999997 0.91000000000000003 0.0026226124349856459
0.91000000000000003 0.91250000000000009 0.91500000000000004 0.0026153663826074258
0.91500000000000004 0.91749999999999998 0.92000000000000004 0.0025998571498516425
0.92000000000000004 0.9225000000000001 0.92500000000000004 0.0026149449565583071
0.92500000000000004 0.92749999999999999 0.93000000000000005 0.0026010952986311423
0.93000000000000005 0.93250000000000011 0.93500000000000005 0.0026058441646943718
0.93500000000000005 0.9375 0.94000000000000006 0.0025654539489073412
0.94000000000000006 0.94250000000000012 0.94500000000000006 0.0025582450597373169
0.94500000000000006 0.94750000000000001 0.95000000000000007 0.002564897528070262
0.95000000000000007 0.95250000000000012 0.95500000000000007 0.0025780148693540159
0.95500000000000007 0.95750000000000002 0.95999999999999996 0.0025530590288760846
0.95999999999999996 0.96249999999999991 0.96499999999999997 0.0025562715060895498
0.96499999999999997 0.96750000000000003 0.96999999999999997 0.0025450332777862926
0.96999999999999997 0.97249999999999992 0.97499999999999998 0.0025366788915560062
0.97499999999999998 0.97750000000000004 0.97999999999999998 0.0025094264586116052
0.97999999999999998 0.98249999999999993 0.98499999999999999 0.0025407628237336661
0.98499999999999999 0.98750000000000004 0.98999999999999999 0.0025026575457667076
0.98999999999999999 0.99249999999999994 0.995 0.0025127781850950819
0.995 0.99750000000000005 1 0.0025042549522097312
